-0.820692
0.256653
0.0270179
-0.38242
0.528027
-0.256403
-0.158364
0.991647
0.210984
0.142771
0.477381
0.154231
0.0458222
0.0705368
0.0479935
-0.238329
-0.35573
0.694354
-0.0254367
-0.172939
0.375198
0.608531
1.37404
-0.232243
-0.375351
0.0717973
0.126489
0.478653
-1.22306
0.712772
0.676624
-0.779375
0.0294495
-0.291956
0.0236404
-0.806341
0.876579
0.39439
-0.374313
-0.332186
0.749696
0.00720134
1.64242
0.180255
-0.975788
-1.14674
-0.395555
-0.0822107
-1.26535
-1.53969
-0.548095
-0.171226
-0.128227
-0.148703
-0.109321
0.244935
-0.0585361
-0.384796
0.183967
0.169852
-0.26737
-0.214615
0.265422
0.966111
0.430153
0.0404001
0.0397195
0.448459
-0.33758
-0.173588
-0.0424796
0.128887
0.056484
-0.181194
-0.164184
-0.418977
0.173898
0.270802
-0.0764542
0.217701
-0.232984
0.993428
0.118641
-0.375798
0.256455
0.329591
-0.470513
0.114264
-0.12057
0.246903
-0.251807
-0.0280173
0.473846
0.12533
0.0542645
-0.334983
0.337802
-0.0444017
-0.169672
-0.0625864
0.726014
-0.532502
-0.917084
0.0223362
0.0502748
0.647446
0.170264
-0.597461
0.357627
0
0.957843
0.458513
0.339014
-0.477856
-0.376394
0.557283
0.0270902
1.24621
-0.574454
0.276737
0.653543
0.114538
-1.11514
-0.139059
-0.303252
-0.683228
1.12626
-0.0387269
-0.097468
-0.0980887
-0.221598
-0.0371232
0.422734
-0.46127
-1.02573
-0.00141243
0.294924
-0.828803
0.438586
-0.668024
-0.786048
0.210914
-0.349193
0.0625148
0.0277969
0.616292
0.0209817
-0.955087
0.0166289
-0.128802
1.53278
-0.846704
-0.58707
-0.0290901
-0.262812
-0.449327
-0.293863
-0.128123
0.535506
0.28678
0.571179
-0.0215216
0.501055
1.07245
0.683534
-0.660965
0.277583
0.0686315
-0.108939
-0.350065
0.782986
0.0745863
-1.29414
0.131964
0.175754
0.527002
0.499932
-1.00793
-0.0386998
-1.28127
-0.391648
-0.197667
-0.392102
0.271344
-0.594755
-0.0911349
-0.243532
0.0013665
-0.289963
0.240098
0.0437161
0.125106
0.132113
-0.741808
-0.554627
0.232189
0.934869
0.0307887
-0.144966
0.223692
-0.363672
0.302055
0.140404
0.214754
0.0556504
-0.553748
0.548251
-0.408048
1.0734
0.339549
-0.330556
-0.30119
1.16697
-0.369184
-0.530487
-0.341073
-0.0668355
-0.402136
0.526885
0.104192
-0.161417
0.662501
0.254269
0.356089
0.0104719
0.043994
0.138393
-0.184481
0.519373
0.445219
1.21202
-0.883692
1.34927
0.532595
-0.0871629
-0.645946
-0.550061
-0.0689898
-1.19933
-0.384238
-0.529061
0.471692
-0.00629456
0.118264
0.838849
-1.86912
0.462623
0.0731317
-0.360266
-0.174103
-0.550828
-0.212057
-0.17866
-0.423384
0.0820704
1.51877
0.0243164
-0.657239
0.0849415
0.891041
0.161848
0.108977
-0.454679
0.293352
-1.759
-0.208906
0.590171
-0.0461037
0.697261
-0.110782
-0.133468
-0.126388
0.167861
-0.0774031
-0.434968
-0.961085
-0.319678
0.0917179
0.0407905
0.15107
0.230446
-0.173907
-0.331289
0.340829
0.323534
-0.784499
0.0590317
0.0257949
1.13063
0.425234
0.205005
-0.980488
0.241136
0.407551
-0.447324
-0.200679
-0.164762
-0.323265
0.0667498
-0.0435967
0.621684
0.063753
-0.0932165
-0.0903918
0.804752
0.32483
0.670265
0.216974
1.36137
1.02045
-0.494448
-0.62649
0.0672145
1.06445
-0.112959
0.521532
0.714343
-0.350961
-3.22316
-0.0655916
0.345887
-0.123119
1.2133
0.316108
-0.821502
0.721458
-0.166517
-1.26634
-0.632069
-0.601863
0.15272
0.14672
-0.0685422
0.305687
-0.269691
-0.215783
0.854092
0.324534
-0.709813
0.867925
1.00628
0.423118
0.678447
-0.848051
0.756563
-0.0685611
-0.062093
-1.37046
0.760148
0.300421
-0.350049
0.321602
-0.589169
-0.879048
0.934201
-1.74027
-1.73852
-1.38325
-0.823933
0.0100235
-0.146243
-0.270553
0.654983
0.246141
1.00898
0.484134
1.2904
-0.251703
1.02803
-0.444353
-0.0290917
0.312833
-0.869483
0.208899
-0.099333
-0.832849
-0.0943132
-0.757422
0.00338982
-0.737622
-0.164747
0.203789
0.0195263
0.122632
-0.37349
0.363377
-0.294841
0.00604963
0.609524
0.82443
0.4093
0.205623
-0.0946392
0.626418
0.12838
0.370188
0.320087
-0.215356
0.972073
0.444547
-0.664333
-0.424902
0.987932
0.28024
-0.824391
1.71751
-0.118029
0.688802
1.02628
-2.7908
0.323195
-0.20643
-1.19356
-1.15267
0.44511
-0.640167
-0.898925
-0.359081
1.61751
0.297929
-0.547588
0.197337
-0.754922
1.64953
0.446136
-2.11069
0.538273
0.519786
-0.389233
-2.93906
-0.321293
0.654339
0.379201
-0.457547
-1.95142
-0.524417
0.479134
-1.09626
0.792279
0.0510354
-0.432973
0.648525
-0.600292
1.07562
1.28938
0.637542
-0.700273
0.218392
-1.55306
1.15404
-0.545243
1.50142
-0.478897
-2.55784
-0.727186
0.131528
-0.861821
-0.747331
0.398266
-0.907367
0.158816
0.791477
-0.156878
0.0934568
0.0807247
-0.131305
-0.727053
-0.156199
0.15747
0.279995
0.688035
0.84281
1.83237
-2.61036
-1.06208
0.599588
0.163743
-0.513355
-0.736049
-0.0764664
0.0176895
0.310074
0.216355
0.0552741
0.470748
0.106049
-0.680331
-0.327048
2.24221
-0.140974
0.431958
0.111693
-0.362546
1.14594
1.09962
0.875796
-1.13896
-0.191977
-0.162003
-0.991306
1.40341
1.66093
-0.163785
0.0603812
-2.25611
-3.56161
0.53456
-1.51057
-0.0269585
0.09972
-0.281343
-0.616308
0.343242
-0.371222
0.138736
0.871014
1.85529
-0.981692
-1.67175
0.532852
0.336915
-1.12301
2.54778
-3.58701
-4.16431
-0.799106
-0.674837
0.190849
-0.12165
0.433142
0.66119
-0.675211
-0.634701
0.597906
-0.240291
-0.40172
0.677637
-0.358602
0.202758
0.115546
-0.297931
0.431734
0.727651
-0.242943
0.0505401
-0.569154
-0.0858828
0.376796
0.69765
0.512506
0.237613
0.0249822
1.18066
0.192811
1.0312
-0.888156
-0.178015
0.327914
-0.644539
-0.586653
1.4983
0.447994
-0.00548287
-1.79971
-0.655408
-0.407533
-0.468946
-0.375811
1.09905
-0.190927
0.00414671
0.832818
-1.04645
-0.322829
0.656787
-0.328046
-0.930885
0.238074
0.387052
-0.480943
0.701609
-0.0738062
0.360691
0.660888
-0.579701
-0.233309
-1.00164
-0.458036
0.563494
-0.145854
1.49672
1.12571
0.33224
-0.0319478
1.2365
-0.637445
-0.0872711
1.09456
0.643302
-0.518897
-0.803752
0.585073
-0.642238
-0.225298
-0.69094
-1.46335
-0.201049
0.266967
0.231354
0.696692
-1.10373
-0.0171958
0.46235
-0.624675
0.497286
1.80808
-0.598506
1.01796
0.108336
0.077977
0.61375
0.310754
0.359244
0.405775
1.19719
-1.07687
0.175774
-0.727172
-0.138146
1.32703
1.40249
0.99934
0.607007
-0.770001
0.251954
0.999983
-0.262223
0.818652
0.515736
0.208744
-0.588469
0.028006
1.1287
0.623837
0.48843
-0.145782
0.520195
0.654746
0.142114
0.589466
0.133653
0.882373
0.520516
-0.344339
-0.32059
0.277374
-0.265746
0.0444701
0.284392
0.131161
0.610683
-0.00138272
-0.0981246
-0.366768
-0.143033
-0.356005
0.060274
0.267561
-0.212735
-0.0671578
0.0678433
-0.559869
0.246394
-0.144088
-0.638719
0.80331
-0.188472
-0.25823
0.506185
0.239659
0.081615
-0.171383
-0.136895
-0.206358
0.861729
-0.303171
-0.400069
-0.131181
0.311836
-0.528045
-0.907463
-0.430496
0.380547
0.927439
0.31995
-1.0116
0.105576
-0.740734
0.455394
0.134454
-0.871745
-0.123248
0.578704
0.431165
0.278307
-0.0203406
0.0291562
-0.202562
0.490511
1.60908
0.169472
-0.0989513
-0.509809
0.104647
0.0902773
0.212577
0.0774128
0.0311202
0.0574249
0.0186875
-0.476477
0.0847712
-0.0523874
0.0110267
0.66314
0.0423301
0.216093
0.927327
-0.675905
-0.659591
0.0817781
-0.228534
-0.0131421
0.159205
0.0235561
0.55587
0.119219
0.0167439
-0.748635
0.70957
-2.01404
0.04444
-0.294985
1.04937
0.00413422
-0.530538
0.0815966
-0.115861
0.220182
0.281248
-0.27232
0.633116
0.549553
0.514864
0.579334
0.0688744
-0.118744
0.0864089
-0.0695545
-0.181036
-0.226185
0.373515
0.236884
0.234625
0.524078
0.703071
-0.290936
-0.293642
1.402
0.375092
0.842576
-0.500886
0.339223
-0.329796
-0.0717716
-0.547824
-0.136848
0.239968
0.0765072
-0.216378
0.339201
-0.20943
-0.196033
-0.504887
0.21012
0.0380552
-0.454279
0.0421882
0.165349
0.0315261
-0.199736
0.126668
-0.110933
0.373366
0.374045
-0.978899
0.0713898
0.262438
0.0766445
0.397775
1.33041
-0.341351
0.749734
-0.972547
-0.904285
0.00215535
0.668238
-0.117102
-0.292156
0.154989
0.127054
-0.308691
-1.09221
-0.0576802
-0.103172
0.110291
0.432373
0.0278901
0.0722644
0.327633
-0.345525
-0.230878
-0.406137
-0.371203
-0.200288
0.991908
0.19227
0.0271906
0.281643
-0.276633
-0.520372
-0.0569407
0.252209
0.89713
0.10082
0.0836139
0.0331766
0.167493
0.412709
-0.380189
-0.11558
0.723851
0.243182
-0.028426
0.3124
-0.479876
-0.392106
0.0688703
-0.361222
-0.168942
0.205801
-0.469473
-0.184732
-0.910748
1.16025
-0.798091
0.329794
-1.20939
-0.116744
0.524649
-1.10423
0.0801789
0.245155
0.202636
0.150654
0.749562
0.148446
0.169412
-0.233671
0.353218
0.861808
-0.584222
0.653604
-0.185634
0.451321
0.214076
0.237107
0.282935
-0.132817
0.316277
0.257118
-0.427432
0.27279
0.0183101
1.29753
-0.240872
0.0177676
0.118532
0.963075
0.116824
0.969799
-0.151964
0.0695268
0.127844
0.101484
0.327874
0.482377
-0.050404
-0.0083982
0.347204
-0.386132
0.182558
0.362282
0.166646
0.431341
-0.367527
0.0546198
-0.64048
-0.501839
0.365835
0.558952
-1.49752
-0.713775
-0.10359
0.350234
-1.03959
-0.509841
-0.245815
1.06685
-0.425129
0.949703
0.508458
-0.218766
-0.144575
0.706028
-0.286788
0.0687844
-1.2847
0.76658
0.75431
0.284625
-1.34162
-0.630219
0.0134152
-0.544106
0.722401
1.22
-0.154072
0.378049
-0.650115
1.03036
-0.897057
-1.19933
-0.646488
-0.874359
-0.560943
0.210259
0.325018
-0.0637692
-0.555342
-0.397074
1.42984
0.462699
0.388338
-0.252888
-0.20939
0.60123
0.0379296
0.673971
0.0876585
0.522296
0.857348
0.651885
-0.134537
-0.189268
-0.141716
0.224859
0.420583
0.537088
-0.261605
0.612768
0.405174
0.397469
-0.518496
0.344069
-0.620484
0.539603
-0.230618
-1.4583
0.315417
-0.116483
0.69323
-0.795042
0.310351
0.550266
0.824504
-0.588851
0.51418
0.315397
0.115505
0.413946
1.39445
-1.13299
-0.220673
0.77173
-0.46926
1.15303
-0.411455
0.680848
1.03488
0.786096
0.372125
1.89332
0.198066
0.165911
1.56419
1.22973
-1.22041
-0.875174
0.420174
0.566953
1.17111
0.732484
-2.40978
-1.1893
-0.226682
-0.161364
-0.380751
-0.085242
0.132446
0.194849
-0.636204
0.0709483
0.401889
0.341134
-0.00831393
0.198059
-0.0333147
-0.231231
-0.438534
0.0910302
0.362459
0.000830934
-1.65557
-0.35815
-0.105812
-0.402689
0.317307
0.0650465
0.247563
-0.0358695
0.258711
0.268395
-0.0458746
0.532126
0.699009
-0.0671383
-0.0695773
0.461438
0.589012
0.473889
-0.800527
0.322454
0.388995
0.0697429
-0.335664
-0.174101
-0.263087
-0.990161
-0.0776026
-0.990318
-0.358068
-0.061859
0.315392
0.24354
-0.467758
-0.025244
-0.733359
0.370875
0.599703
-0.0856594
-0.449121
0.343982
0.408131
-0.765913
-0.00568166
-0.73588
1.26566
0.117566
0.714898
-1.41418
0.0389462
0.168129
0.606636
0.570849
0.917203
0.959212
-0.837111
-0.507359
-0.113224
0.0652739
0.57027
-0.12627
0.032383
-0.170101
0.776517
0.00501324
-0.690292
-0.820628
0.603453
0.505536
-0.145531
-0.0307423
-1.22283
-0.963705
0.0186956
-0.171381
0.241317
0.0683572
0.218405
-0.325802
-0.813925
-0.221566
0.392709
-0.506122
-0.278562
0.670018
-0.826219
0.0328219
0.346487
0.781585
-0.44921
0.036282
-0.0580449
0.306729
-0.0242497
0.843291
-0.10916
0.1646
0.675078
0.153653
-0.441426
0.536859
-0.24416
-0.227182
0.218972
-1.94323
1.39302
0.511627
-0.501012
0.317344
-0.381834
-0.294983
0.867872
0.496148
0.156017
0.628177
-0.176918
0.785644
0.0326255
1.50305
0.0586229
-0.831938
-0.909463
0.379056
-0.295503
-0.692217
0.970954
0.314826
-1.53616
-0.0811151
-0.131465
-0.748284
0.128842
-0.520094
1.13788
0.521078
-0.233123
-0.79318
0.475483
-0.879143
0.551748
2.41576
-0.0994782
0.224387
-0.151896
0.375095
-0.794983
-1.08652
-1.38743
-0.457689
0.814667
0.390439
-0.642507
-0.932122
-1.09643
-0.00482129
0.824597
-0.0234925
0.49125
-0.173228
0.435674
-0.572093
-0.000811461
0.193314
0.312691
-0.75805
0.475446
0.197821
1.32395
0.195893
0.311573
-0.102031
0.644624
1.39658
-0.629278
-0.929889
0.076675
-0.723566
-0.285161
-0.0519851
-1.43008
0.46462
0.58917
-0.241332
0.451123
0.420907
0.789632
-0.730894
-0.110001
0.601105
0.870312
-1.28691
0.691406
-1.49561
-1.32451
-0.00972802
0.389047
1.08001
-0.101954
0.862476
-0.0944506
-1.53509
-0.29234
1.10132
2.25317
1.89036
1.59276
0.892929
0.0202071
0.444709
-0.069699
0.276435
-0.0671918
0.178688
1.50581
-0.0988213
0.0134699
-0.552569
0.456524
-0.535978
-0.0151696
1.1234
-0.677164
0.313281
0.256562
-0.507983
-0.327693
1.24664
-0.144709
0.617373
0.733821
0.0183231
0.695086
-1.54812
-0.587856
-0.26697
0.0991286
1.04865
-0.334731
0.475142
-0.957979
0.0696092
-0.431339
1.58648
1.26495
1.2577
0.93885
-1.61675
-0.589994
2.06289
-0.239919
0.34116
-0.236384
-0.787372
-0.731004
-0.367678
0.310023
-0.0873492
-0.630549
0.418997
-0.0250226
0.101983
-0.391604
2.30486
-0.816416
0.152043
-0.116399
-1.34746
0.642575
-0.493443
-0.25552
1.30385
-0.292774
1.98759
-1.21404
-1.65046
0.0037035
-1.34457
0.478919
1.83325
1.30044
0.403343
1.04772
-2.31865
1.49847
-0.717979
-0.311795
0.864067
0.543858
-1.96296
0.146457
-0.785162
-0.832677
-1.99976
1.15838
-1.87078
-1.46739
-0.64601
0.387459
-1.27409
-0.208456
0.0566501
-1.77994
0.775478
-0.659796
0.168191
-0.0455082
0.166678
1.26947
-1.16537
0.745624
0.898125
-0.267406
1.26643
1.86988
-1.82037
-0.63729
0.392648
-0.281876
-0.701234
0.286912
-0.455351
0.974404
0.55009
0.406339
-1.82788
-0.333765
0.0408982
1.84731
1.08662
0.051997
0.620667
-0.145167
-0.358857
0.380483
-0.19537
2.81863
0.71026
-1.06581
0.476821
0.304282
-1.48569
-0.553199
0.593484
0.97823
1.51697
-0.932665
0.209512
-2.2863
-1.83884
-0.197483
0.304877
0.476608
0.56481
-0.797564
0.127543
-0.613765
-0.134792
0.357462
0.0608959
-1.11264
0.670201
-0.168417
0.326398
0.557154
-0.67321
-0.839613
1.47151
-0.801278
-0.867342
-0.348185
-0.0184772
0.470913
-0.201335
1.28738
1.06184
-1.90451
0.499228
-0.987159
1.64116
0.0950605
0.118504
0.152826
0.0999122
0.258795
0.757682
1.24499
-2.52139
-0.671408
-0.245058
0.741465
2.15713
-0.0769315
-1.40273
0.774843
1.18883
-0.658851
1.72231
-0.227711
1.27815
-2.20132
1.52097
0.257165
-2.05922
-1.70434
2.24423
-0.0802017
0.262046
3.90005
-2.31225
2.80531
1.77265
-1.12276
-0.260076
-1.54641
-2.54676
-2.64038
-0.769898
-0.443177
-0.469736
-0.971734
2.45903
1.17065
-3.06516
1.34171
-0.00449642
0.495823
0.529178
-0.126206
-2.82787
-1.03548
-1.99142
2.42888
0.457872
-0.499074
-0.191761
1.81136
-0.456813
-0.316941
4.20717
0.641846
4.04339
-1.42353
1.09366
1.70732
-3.85831
0.650507
-2.21305
1.42033
0.216687
2.03704
-4.42002
1.65939
3.245
-2.88104
0.686491
1.94242
1.62333
2.01565
-2.51645
-3.62638
-0.902034
3.7693
-2.82774
-1.87526
-4.49172
-0.0273766
1.00636
-0.120337
2.52602
0.517545
-2.39381
0.83739
-0.306055
2.75823
1.30392
-3.86995
2.92343
-1.45224
-0.652289
2.72768
0.841048
-2.85685
1.48941
-7.24244
-1.99306
-0.825805
-0.960873
-2.03754
-0.700078
-1.79281
-0.547485
0.118936
-0.498584
0.257687
0.336942
0.834142
0.679777
-0.870185
-0.0207789
0.0671474
-0.0535617
0.308172
-1.67424
0.65491
1.72893
-0.809754
-0.0552453
-0.286944
2.34182
-0.429663
0.356155
1.28019
0.623825
-0.776698
-1.72562
0.73147
1.4767
-0.0804489
0.0522429
1.34108
-2.74787
0.959879
0.563107
-1.25928
-0.796361
-0.109767
0.211511
-1.50818
-1.61293
1.34296
-0.0303959
1.00232
1.11453
-2.14883
-0.961179
-0.877486
-1.50127
0.218295
0.148123
0.0186279
0.820734
-1.01693
-0.774803
1.23604
0.594826
-1.22481
0.859848
-0.775511
-0.319948
-1.41963
-1.38475
-0.0187545
-0.654201
0.202158
0.356824
0.617908
-0.341749
-0.0428245
-0.0750864
0.13219
0.970467
-1.3126
0.617587
-0.409897
0.0382861
0.802115
0.0560262
0.391544
0.287043
0.443985
1.95355
-0.280759
-0.976495
0.452962
1.81687
1.34866
0.583036
-0.896802
0.843731
-1.47783
0.736186
-0.952195
-0.839025
0.904649
-0.644879
0.617201
-0.705174
-1.25226
-0.352169
1.68691
-1.78961
-1.42238
-1.32136
-0.252003
0.0202268
0.0134868
1.45066
-0.00380126
0.558812
0.434412
-0.825832
-0.658059
-0.138347
0.320833
1.55203
-0.120009
0.846982
-0.235435
0.791365
-3.81913
0.238936
0.351929
-0.309793
-0.550879
-0.109962
-0.205387
0.058959
0.38146
-0.284363
0.179504
-0.0950275
0.145946
0.936105
-0.825194
-0.174555
0.27358
-0.0682776
-0.133419
0.585217
0.0602936
-0.32816
1.91099
0.201642
-0.341708
0.152322
-0.588102
-0.0951457
-0.0251034
0.457412
0.195035
0.658274
-0.528038
0.0460059
0.827107
-0.38591
0.433867
-0.204044
0.814015
0.236919
1.56411
0.518091
0.700338
-1.32933
0.0752383
-0.0190129
0.0316902
0.591276
-1.12786
-0.563506
0.855544
1.35287
0.228606
-0.838866
2.16949
-0.949256
-1.66123
-0.558179
0.576416
-0.611889
0.284924
0.210465
-0.848639
-0.312086
0.258696
0.282979
0.911746
-0.237237
-1.04615
0.269359
-0.0448126
1.23216
0.450615
-0.649356
0.363598
-0.189522
0.116219
1.39961
-0.357176
0.562545
1.56208
-0.885592
-0.78165
1.13266
-0.669924
0.423274
-0.000815711
-0.413523
0.310797
1.86625
1.27669
1.2072
-0.266889
-0.0907838
-0.199942
0.389239
0.500003
-0.219219
-0.168565
1.55679
0.28725
1.67318
-0.713759
-0.319668
0.609649
1.12315
-1.23977
-1.78741
-0.155684
0.0937252
-0.346945
-0.215803
1.40938
0.378112
0.700886
-0.851433
-0.958858
-0.332753
0.497389
0.82988
0.325861
1.02896
-0.551324
1.99629
-0.065282
-0.175067
-0.190796
0.476778
-0.150243
0.0464796
0.752032
1.44262
0.292872
-1.84173
0.563082
-0.958229
0.38525
0.425586
1.50673
1.47112
-1.43717
1.37575
0.797673
0.450208
-0.0838038
-0.770706
-2.10898
0.64221
-0.656841
-2.17075
-0.76919
-0.54456
0.561431
1.73508
0.703641
-0.830963
-0.226252
0.657636
1.14487
0.0797898
1.29374
-0.424779
0.326307
-1.87647
2.26628
0.0158478
-0.939061
-1.65242
-0.277599
-0.296704
1.72739
-2.1654
-1.37453
2.326
-2.67046
0.570014
-2.61394
-0.806529
1.6397
-1.7333
3.22023
-1.09929
0.630595
-1.78036
-1.71429
0.603307
0.211076
-1.85179
-1.12769
-0.387762
-0.368062
0.739984
-0.665487
0.315159
-0.923586
-1.32208
0.861413
0.013109
-0.594724
1.28867
-1.48721
-0.62155
0.36825
0.343572
-0.291665
0.110391
0.477056
0.753583
1.15444
-0.564826
-0.481845
-0.501649
0.867772
0.212536
-0.24475
0.1223
0.108377
0.77112
-0.681683
-0.686942
0.635588
1.04885
-0.0577225
0.7252
2.34128
-1.0918
0.245965
-0.597633
0.300501
0.596864
-0.192788
0.143913
0.559628
0.769318
1.28259
0.114456
0.541475
0.927201
-0.781838
-0.687719
-0.379837
0.765545
0.67614
0.307636
-1.42409
0.950985
-0.304414
-0.696744
0.65156
-2.33224
0.320688
-0.386432
-0.246156
0.189097
0.875877
-0.430651
0.526603
-2.06091
-0.801254
1.09921
-0.301373
0.0940814
0.475178
0.448943
1.1151
0.382369
0.203593
-0.382272
0.591562
-0.90174
1.43928
-0.0176991
1.13195
0.19798
0.885388
-1.37113
0.757817
-1.45058
0.774891
-0.234613
1.17951
-0.243134
-0.938159
-0.387725
1.06809
1.2448
0.310219
1.37337
0.879567
-0.539977
-1.09879
0.806322
0.383344
0.968587
0.203484
-0.038478
-0.206215
0.297272
0.0902001
0.825909
0.00379129
0.909309
-0.00956453
0.480312
1.73811
0.594347
2.4577
-1.40654
0.574239
-2.17476
-0.945447
-1.75505
-0.505311
0.296988
0.848364
-0.247905
0.377366
-0.0489272
0.0710002
0.023998
-0.0518284
1.37483
-0.985459
0.847414
-0.513562
0.842462
0.00584824
1.6204
1.0056
-1.01254
1.41964
-2.05654
1.91898
0.699786
0.44456
1.78174
-0.579986
-0.140626
2.48419
1.19217
-1.35923
-1.26328
-1.15637
0.188722
0.832977
0.899497
-1.2787
2.10102
-1.16227
1.54108
-0.473557
-2.29154
-2.07918
-0.987205
2.02902
-0.16982
3.702
1.5224
-0.633873
1.88778
-1.68973
-2.12914
1.82052
-0.133795
-1.31772
-1.66895
-1.60203
1.41064
0.764635
-0.382532
0.0929138
1.84507
0.890867
0.248701
-0.615308
3.23302
0.841378
-0.456122
2.08201
0.400519
1.69946
0.220924
1.65927
0.781345
1.80458
-1.44579
0.204085
0.0767872
0.458404
-0.991154
-1.35207
-1.06933
1.05078
-0.6933
1.28407
1.92902
-1.95002
2.10472
-0.110697
-1.20377
2.14321
-0.445723
-2.47842
0.697511
-3.38882
0.0647319
-0.626251
-1.14827
1.58385
-0.446871
0.407194
-0.169866
-1.4379
-0.0657825
1.73591
1.78505
2.3196
-1.49883
0.354499
-0.515009
-1.06583
1.45242
2.47457
1.31575
-0.116261
0.144135
-1.63024
1.08507
-2.38593
1.44645
0.0214984
1.32385
0.295776
0.895062
0.499783
2.17913
-0.513269
2.26094
2.44961
1.38861
-1.67555
-2.33409
-1.40248
1.61103
-0.303094
3.47553
0.0462844
-2.46403
1.18263
5.19279
-0.182771
0.94216
-3.59359
0.478467
3.63622
3.02106
0.27752
1.89258
0.925823
0.336773
-0.201903
0.195959
0.279758
3.20242
-0.360931
2.20733
-0.0485753
-0.0203632
-2.60032
2.24385
0.508509
-0.311671
-4.06037
1.10216
0.639671
-1.3567
0.113113
-3.83683
-0.395673
1.78047
-1.93657
0.88197
-0.190688
-0.333919
-2.65172
0.447023
3.29477
0.612899
2.20009
1.6671
-0.962316
-0.266768
-1.43673
3.05427
-0.566061
1.93533
0.619517
-1.93339
-3.04848
0.0552573
-1.34288
1.79054
0.928641
-3.14718
-0.367699
-1.15578
2.14622
-2.54293
-1.19073
3.31954
0.843314
1.02115
1.89684
2.10804
1.54021
0.882899
-1.442
0.372387
-2.27718
-2.15542
-1.7465
-2.20035
0.953856
1.44285
2.39606
-2.95142
-3.43931
-1.81478
0.565001
0.711838
3.80414
3.47134
2.43529
-1.49115
0.772372
-3.86049
2.93528
0.622062
-1.22648
4.47152
5.19805
-6.79823
-5.03279
-0.3206
1.13721
-1.64447
-2.20041
-4.65749
-4.06669
-3.20217
-0.016796
3.2043
-4.23378
-0.878405
3.65024
1.42861
3.31201
0.287122
2.0869
-1.51851
-3.37764
-2.85404
0.44512
-3.40529
4.87242
-2.89107
0.708781
-3.87266
3.83488
-3.29074
-6.53934
-4.57042
-1.13801
2.19792
0.359624
-0.762236
-3.57428
8.10188
-0.623918
-3.55462
-5.3122
-0.972723
-1.00042
-2.54179
-0.956571
-1.89616
-0.515401
1.76128
-0.615792
-1.29809
0.508602
-0.883646
-0.576234
-1.60611
-0.539675
-0.364591
0.0250351
1.0095
-0.518121
1.07806
-0.643566
0.379788
0.484125
1.53627
-0.770589
-0.310717
0.0650227
-0.250008
-0.477604
0.919971
-1.34466
-0.825645
0.0724921
0.553637
0.00777854
-0.319394
0.348569
-0.932293
1.50487
-0.565767
0.925421
0.862742
2.34447
-0.485418
-2.29184
0.714423
-1.61743
-0.316085
0.808787
-0.933385
0.968741
-1.20971
-3.35528
-1.86504
0.254552
-1.37842
-2.19629
0.632851
-1.09601
0.710277
-0.819308
-0.463164
1.58305
-0.0125422
0.754429
0.395216
-0.192829
-1.48128
0.644578
-0.312527
0.655728
-0.990453
0.408067
0.791399
0.483663
1.35122
0.13328
-1.27857
-0.0408562
1.28356
-1.83394
1.33592
-0.547432
-0.125487
1.55971
0.00276915
0.560946
-0.899138
-1.19429
-0.496004
2.45956
-0.167656
0.364384
-1.02761
-0.478768
-0.611171
0.42834
-0.232625
0.201577
0.417212
0.963654
1.64929
1.27198
0.0162052
-1.53352
-0.209137
1.05482
0.276846
-0.143259
1.47654
-0.759141
3.69602
1.20515
-0.187357
-2.37002
-0.911773
-0.709438
1.12488
0.0681113
3.3815
-0.793245
1.54311
2.19681
-4.09589
-1.95743
-3.61637
1.43548
-0.0811398
0.291455
-2.55011
-1.38411
1.31044
-0.512328
0.387491
-3.28688
-0.908506
-0.235418
0.593171
-0.033146
1.29001
1.2839
-1.14952
0.980561
0.471784
-0.538738
0.327862
1.21237
2.11249
0.264724
-0.84315
-1.02251
0
-1.12883
-0.792675
2.62683
-0.972634
-0.377308
2.56846
-0.211578
-1.37948
-0.0366144
-3.3787
-1.36904
-2.91203
0.982062
-0.15266
-0.848528
-1.73729
0.530219
0.323449
-1.67724
-0.7849
1.09124
-0.0951434
-2.57662
-0.908584
-0.457337
0.656798
0.0961788
-0.735834
-0.131355
-0.343481
0.576122
0.448029
1.60871
0.841922
0.339608
0.322132
-0.450358
-3.2962
-0.714454
0.824636
0.0392051
0.161066
0.847195
0.381976
1.9439
-0.469356
-0.827157
0.992065
0.119644
1.52574
-0.517415
-0.390977
1.15094
-0.0334607
-2.42544
0.0670039
-0.955573
0.434962
-0.638072
-0.158884
1.1903
-0.157188
-1.93937
-0.548314
-0.62634
0.775582
-0.383665
0.488186
-1.067
0.655267
-0.209698
0.269111
2.88745
1.08856
-1.35635
1.19214
0.843378
-1.51098
-0.386549
0.563973
0.947081
-0.69512
-0.830996
0.833527
-0.164398
1.07728
-0.147201
1.59669
0.633536
0.378915
1.35487
0.8841
1.42921
1.34619
-0.298691
2.26598
0.948739
-0.392246
1.32528
0.75428
0.315649
-1.40979
-1.44172
-0.942616
0.734869
-0.649459
1.88542
-0.976683
-0.421809
-0.378206
-0.707843
2.0228
0.553594
1.3476
-1.2367
-0.187601
1.74937
-3.23671
-0.849725
-0.55882
0.664295
0.703224
-1.73559
2.0914
0.81821
0.871573
-3.75645
-0.355854
-2.31259
1.4108
1.43466
-4.2991
-2.56205
0.118359
0.593908
-0.246599
0.811058
-0.364839
0.0951977
-0.509549
1.06436
0.930703
0.087919
-0.734382
0.591114
-0.10271
-0.179709
0.32986
1.47212
0.603761
0.152635
0.454794
-1.01213
-0.123233
-0.172093
0.298901
-0.642201
0.138601
-0.144816
-0.710374
2.417
0.96826
0.340706
-1.65785
0.244181
-0.22798
-1.02354
-1.0114
0.319777
-0.206823
0.548931
0.748553
-1.14815
0.446667
1.66229
0.15817
0.45148
-0.0635843
-1.21843
-0.894841
0.447312
0.492391
-0.20083
0.86988
1.15498
0.861014
-0.954197
-0.214356
1.67596
0.285794
0.763014
0.386521
0.438046
-1.42204
1.16557
0.501287
0.917486
-0.131722
-0.441624
-0.0968201
0.357371
1.59997
-0.397822
0.20161
0.658783
0.0330534
2.38611
0.700502
1.50952
-0.663598
0.774627
0.620564
0.722523
1.00703
0.694189
0.0704207
1.07506
-1.25259
-0.324836
-1.83579
-0.449895
0.345183
0.859409
1.09679
-0.519715
0.907605
-1.42774
-0.607026
-0.416997
-2.15162
0.0421403
-0.340627
0.0780414
0.660784
-1.12115
1.32387
0.0171647
-0.217874
1.09822
1.57606
-0.68687
0.230493
-0.31371
0.641843
-0.346674
0.182473
0.660506
1.21537
-0.512819
0.229342
-0.0209663
0.802997
0.00317002
0.61583
0.195824
0.420613
0.0963278
-0.0203436
0.0781848
-0.0985243
0.576457
1.61492
0.480369
-1.45916
-1.1012
0.0514492
-0.891248
-0.507704
0.582115
-0.0807866
1.58831
-0.271681
-0.724101
-0.155933
0.608015
0.0214765
-1.69632
-0.184608
0.59513
-0.47491
0.661683
0.112657
0.168158
0.180179
-0.202546
0.492152
0.0192656
0.809286
-0.60141
0.706139
0.919175
-1.33636
-0.174119
0.99179
-0.288082
0.562856
0.463284
-1.0402
0.758702
0.187576
-0.456331
-0.296206
0.602012
-0.388354
0.149941
0.644696
0.157715
-0.0273989
0.083316
-0.140282
0.601968
2.05263
-1.09946
0.179248
0.410921
-0.0335623
0.111918
2.17234
0.338169
-1.10199
0.519221
-0.0239708
0.313215
0.768894
-0.552271
0.10217
0.557457
0.753574
-0.631071
0.106446
0.657378
0.0186461
0.954412
1.0159
0.592525
1.3895
0.437446
0.0170505
0.167005
-0.390866
0.97084
-0.115284
0.273709
1.04027
0.183974
1.38061
1.19546
-0.0472261
0.210775
-0.36761
-0.899267
-0.613039
-0.388282
-0.473911
-0.088298
-0.0646196
1.01009
-0.571848
-1.73911
-0.0637435
0.427367
-0.389371
-0.486726
-0.0475671
2.13085
0.165808
0.128597
0.0187414
2.82091
-1.83643
-1.81075
1.01889
-1.02385
0.295366
1.77178
-1.33832
1.90033
0.794466
0.391888
-1.6737
0.897836
0.172605
-0.87655
1.19954
-0.662805
2.31319
-0.851246
3.14173
-4.34061
-4.29362
-1.22717
1.08518
0.149341
1.50332
-2.09448
1.88702
0.986483
2.30743
-0.678731
-1.43174
-0.523542
0.145015
-1.84811
-0.597536
0.645444
-0.49884
-0.264953
-0.894657
0.600005
1.00685
-0.809701
0.4077
-1.433
-0.817762
0.665953
-1.95637
-0.600298
-0.00234703
-0.984401
-1.07487
1.13531
0.739888
-0.552517
-1.33648
1.35512
-2.66376
-1.12473
-0.250966
-0.592421
1.65775
-0.144659
-1.27588
0.14394
-0.0625112
0.2928
-0.255968
2.66529
0.509188
0.328957
0.483275
0.154631
-0.0581598
0.817332
-0.0609463
-0.333375
1.47997
0.185062
-0.537629
0.0519787
0.441727
0.372183
0.244515
-0.0429825
1.74116
1.81159
-0.65709
-0.991602
-1.83241
0.157806
-0.998812
0.205138
0.409159
-0.20122
0.0952018
0.908967
0.807025
-0.0617519
0.660662
0.823412
0.514856
-0.304553
-0.894712
0.685639
0.73863
0.229231
0.774589
-0.206063
1.51982
0.479958
-0.678631
-0.0808745
-0.388296
1.13507
-1.12249
-0.639741
0.181471
-1.28323
-0.261835
0.127127
0.288176
0.0532735
-0.796138
-0.521144
-1.20353
0.00241683
0.478473
-1.1157
-0.636769
-1.02677
-0.653286
1.66455
0.313042
-0.14111
-0.196981
0.99724
-0.578939
-0.527964
1.08763
0.557972
0.15029
1.19579
-0.937104
-1.31321
2.07371
-3.9829
0.624851
0.326377
1.81981
0.31768
0.809662
-1.33535
0.0495435
-0.37399
0.440489
0.293124
0.942098
1.32509
-0.977955
0.210341
0.423251
-0.0272011
0.266147
1.04166
0.819996
0.271878
-0.252934
0.0644375
0.166972
0.614629
0.0471419
-0.0484157
0.939359
-0.282479
1.63787
0.0625807
1.80154
0.103628
-1.40704
0.524335
1.80144
-0.483122
-0.756778
0.864977
-2.03208
-0.896984
1.51045
-0.456193
0.231123
-0.575502
0.768952
-0.0263418
-0.522764
0.937133
0.599511
-1.10076
-0.815079
1.90121
2.42066
-1.68907
-2.32562
-0.108597
0.650725
0.482902
-0.431556
0.882252
1.03364
1.25083
1.83129
1.40529
-1.12525
-1.17587
-0.755876
0.293197
-0.956867
0.192269
-0.272046
0.979301
-0.528194
0.118193
1.45966
-0.0330984
-0.386715
-0.186629
0.796971
0.404349
1.6283
-0.412378
1.1101
0.464064
-0.0955512
-0.311689
-1.17395
-1.02697
-0.301195
0.131748
1.02101
1.70952
-0.0684316
2.15657
-0.319861
0.836703
-0.413396
2.95584
-5.37677
-0.311126
0.134845
3.07211
0.577285
-1.24296
-0.798491
0.980528
0.113759
0.0364886
0.704646
0.816307
1.51434
1.19744
0.448746
-1.83411
1.05847
0.493032
0.291788
1.45477
1.47152
-0.867395
0.620371
-1.48186
0.699195
0.338922
-0.552307
0.675979
0.155198
0.381965
-2.32408
-1.58
-0.552805
0.950413
-1.21666
-1.11294
-0.327779
-0.872776
-0.535802
-0.754896
0.36001
0.254822
1.01257
-0.637169
0.565027
-0.0750315
-0.249699
0.73324
-0.568803
1.16762
0.960519
0.594662
-0.846513
-0.898779
-0.0667502
-0.726911
0.345067
-0.00738569
0.190725
0.100684
0.846486
-0.497751
0.185994
0.643973
-0.223096
0.220098
1.50417
1.26483
-0.333839
-0.257693
-0.145426
0.343237
-0.350886
0.212836
-0.232718
-0.453163
0.0609125
0.202801
-0.245444
0.127982
0.872806
0.806045
0.618966
0.845976
-0.116354
-0.968019
0.416398
-1.0045
-0.0912416
0.0711304
1.03086
-0.394632
-1.61063
0.0306419
0.664168
-0.255735
0.180179
-1.67524
-0.0697012
0.172827
0.0789326
0.461178
-0.547696
-0.209158
1.07161
-0.149863
0.921071
-0.713037
1.01422
1.3502
0.4447
0.882666
-0.115918
-1.46356
0.303866
-1.39268
-0.163848
-0.0571292
-0.231271
0.0462114
1.30735
0.0359097
-0.813386
0.201563
-0.899237
0.201701
1.52352
0.579129
0.00314807
0.072433
2.25896
-1.54918
-0.0396526
-0.566108
0.961752
0.810459
-0.145951
0.602823
0.264781
0.78391
-1.42046
-0.474367
0.193642
-0.619612
0.826471
0.82041
1.70409
-1.63285
-0.358904
-0.556818
0.834775
1.02638
-0.0800817
-0.55066
1.88111
0.318371
0.227792
0.572599
-1.55487
0.0989495
-0.520037
0.974813
-0.00497236
0.112768
1.01397
1.18706
-0.725039
-0.0235726
1.20253
-0.120906
2.51961
0.998035
0.45761
-0.304129
0.667821
-1.48193
-0.316464
0.74467
1.26545
0.625337
-1.86968
-0.454566
0.291106
0.87135
0.196838
1.81631
1.50801
0.454291
1.07121
-0.011179
0.0894671
-0.0354236
1.41359
0.00567199
0.589748
1.23624
-0.290337
-1.44296
1.4276
-0.642941
-0.249555
0.45003
-0.324378
0.42381
0.0401833
-0.420169
-0.376648
-0.231372
-1.78172
-0.0985762
-0.847824
0.0387172
0.493573
1.56889
-0.349526
-0.944724
0.986002
-0.874445
-0.19143
0.286352
0.149079
0.210953
0.519005
0.66344
0.172233
0.984179
0.206821
0.480401
0.279693
-0.692977
-1.2638
-0.611842
0.767287
0.953096
-0.60722
0.589983
-0.0306349
1.82761
1.08207
-1.36049
1.43935
-0.932559
-0.218626
-0.705316
-1.48749
-0.295241
0.0171192
-0.714607
0.866907
-0.662713
-0.579351
-0.858117
-1.02639
-0.0424617
-0.816181
-0.0420987
-0.563875
-0.95802
0.505937
-0.0271687
0.3774
-0.556529
0.380353
-0.897839
-0.0377599
0.0467525
-0.740074
-0.0392696
-0.260217
-0.555591
0.926517
-0.388724
0.716209
0.37353
-0.740313
0.243179
0.114642
0.753811
0.169896
0.278965
0.947753
0.628263
0.287892
0.225725
0.0296412
0.144627
-0.279793
0.365184
-0.239281
-0.332927
1.02824
-0.201282
0.117365
0.513929
0.420579
0.384572
-0.70955
0.309926
0.692815
1.10288
-0.208555
1.62828
0.479057
-1.33215
0.384055
-0.559189
-0.471907
0.810904
-1.96967
-1.03134
-0.388691
-0.0988004
1.60968
0.176248
-0.389982
-1.32512
-1.15308
0.313833
-0.033276
-0.400292
0.191645
0.521509
0.00370837
1.45309
-1.79738
0.296094
0.522146
0.0167687
2.13187
0.496137
0.556303
-0.45678
1.64881
-0.605533
-0.719143
-2.40674
0.0131287
-1.80302
0.54491
-0.10922
0.316881
0.943597
0.121861
1.3884
-1.12166
0.137403
-0.377873
0.638138
0.996374
-0.401641
-0.0607718
1.20906
0.491222
-2.19835
-0.12649
-0.832344
-0.173859
0.346147
0.729889
-0.881593
0.706159
0.815636
0.354057
-0.0209738
0.621542
-0.398231
0.838511
1.59655
1.49717
-0.525279
-0.400525
1.21041
-1.30685
-1.45686
-1.01077
0.747451
0.311801
-0.744001
-0.286459
-1.82622
-0.154455
0.721575
1.39742
0.651908
0.6445
0.703581
-0.510589
-0.241668
0.783643
-0.90037
-0.229166
0.677362
1.54898
0.592848
-0.00798101
0.371792
1.8249
0.852045
0.703887
-1.05296
-0.41524
0.00816543
0.38248
-1.19372
0.0688719
-0.283286
3.3595
1.97316
-0.931285
2.55783
-1.13728
-0.971895
-1.14094
0.0671254
-0.812953
0.821347
-0.209635
0.822185
-0.991667
0.664928
0.932442
0.29571
-0.72178
-0.40109
1.9766
-0.458795
0.186266
-0.495939
2.81124
-1.52788
-0.873105
0.134983
-0.254815
1.20916
-0.315533
1.30968
1.42459
-1.6626
2.1227
2.20745
1.24672
-0.175111
-0.500598
-0.404614
1.57969
-0.441696
0.650503
-0.0766132
1.28461
-0.419898
0.483387
1.83261
0.232656
-1.33577
-0.0615866
1.54394
0.441055
-0.791545
0.206304
-0.294932
1.2771
0.225786
0.873944
1.5941
0.654855
-0.462842
1.15231
0.941189
0.0433403
-0.916331
-1.716
-0.0248342
0.562765
-2.75596
-0.00485838
2.42178
1.18413
0.0654978
-0.61299
1.37439
0.593398
1.20781
0.313322
-0.615355
-1.10736
-2.25091
-0.335917
0.0869814
2.43359
-0.748706
1.40813
0.723195
-0.0722972
-2.50054
-0.609857
0.619927
-0.324247
-2.17694
-1.09403
-1.65237
-0.880015
-0.352209
2.01887
-1.00142
1.47205
0.108921
-0.731119
0.366098
0.166632
-1.86532
-0.798643
0.495448
-1.04464
-0.957369
2.00438
-3.06283
-0.329769
-0.633577
-1.65602
1.05127
0.038396
-1.05391
2.87535
1.01275
-0.229808
-1.60316
-0.720712
-1.24496
2.7859
-0.362827
1.15272
1.03019
4.06424
-0.59844
2.98118
-1.38964
0.556017
-3.36735
-3.03011
0.10233
-1.79184
1.88961
0.712928
2.97371
1.24014
0.232715
6.94309
0.736141
-2.00825
-1.507
-1.02257
-3.55258
0.46514
-2.00177
-0.324173
4.06852
-0.23942
0.539502
3.96706
2.49865
-0.477099
-1.65607
1.91699
-2.28768
1.75591
1.515
1.69427
-0.134087
0.00546941
0.60622
-0.277507
2.44135
-0.443248
1.06089
3.17889
2.51965
-0.713234
-1.61641
-1.69719
2.76499
0.944889
-1.67564
-0.108566
-1.55101
3.92507
0.617537
1.79888
1.76919
-0.608778
0.152627
-0.742251
-0.718352
1.7603
-1.2089
-0.265301
0.59947
1.13143
4.28131
-0.0686824
-1.55072
-0.632172
1.70669
-0.945664
-2.17133
2.45862
2.78283
2.19774
-1.53076
-0.38739
0.803163
-0.759824
0.360782
-0.544015
0.216584
-1.82454
-1.59863
-0.472723
-1.20858
0.667856
-0.794563
1.15899
1.39966
-0.995322
-0.202374
-0.598296
-3.4179
0.929116
1.60591
-0.846942
-1.92209
-0.527592
-0.268858
-1.21306
0.398684
-0.172354
0.718588
-0.118604
-1.4753
-0.531662
-0.0655152
-3.0722
2.00914
-0.926475
-0.34959
-1.78128
-2.16193
-2.59131
-0.989423
-1.34766
0.0585652
-0.536451
0.453937
0.490759
2.74859
0.863918
-2.13104
0.418775
-1.73433
-1.23766
2.48811
0.972852
0.293436
1.87683
1.54828
0.0909892
1.7042
0.752265
0.251044
-0.916463
1.35878
-0.0968324
1.32859
-0.415234
-1.03646
-0.750007
1.17566
-0.963193
3.64346
1.78965
-0.119902
0.0184371
-2.46776
1.87029
-1.47675
-0.925808
-1.39196
0.82988
-0.109667
-0.799591
-0.305165
-0.0732182
1.88551
-1.37185
1.2079
-1.3226
1.25412
0.301075
-0.70802
0.731907
0.388954
-1.85922
-1.21377
-1.00657
0.870036
-0.36223
-1.61257
0.550856
-0.060085
-1.61724
0.547498
-2.18608
-1.09318
-2.89617
1.18018
-0.630629
0.442366
1.28723
0.518475
-0.627286
0.0244721
-0.445
-0.151499
-1.08888
-1.44682
-0.690772
0.382881
0.772836
0.262485
-0.561249
1.0296
-0.095977
1.98074
1.44553
0.675136
-0.329837
-0.152079
-0.641708
0.0768977
-1.05491
0.934101
0.782373
-0.65057
-2.12326
-0.8251
-0.327612
-0.334493
1.47376
1.66521
0.471492
-3.76935
-1.77553
0.945473
-1.24397
2.83901
-0.598144
1.01497
1.47
-1.80146
1.77973
1.39239
-0.541203
1.70491
0.766545
-0.710791
-2.05886
-0.392585
0.545674
3.17134
-2.47401
3.85597
0.326948
-2.09223
-2.08242
-1.30295
-0.247172
-0.673221
-0.338947
0.0161143
-0.305729
-1.67553
-1.053
-1.14512
-0.0823978
-0.390465
-0.194662
1.1737
1.24005
-0.034072
-1.37671
-0.234927
0.38236
-0.64503
-0.420891
-0.0691235
0.933349
-0.229645
-1.44314
-0.456228
2.46022
-0.447382
1.28283
-2.13071
-0.647747
0.655422
0.0870322
0.0691678
2.53822
1.20053
-1.63069
1.77711
-2.26534
-0.646428
-2.8671
-0.97342
-0.786302
2.4511
1.47433
0.208358
-1.11644
0.375024
1.71434
-0.795084
-2.61977
2.8341
-0.875099
-1.45516
-5.70363
-1.35296
0.379632
-0.802367
-1.04444
-0.393492
-0.318288
1.3446
2.56255
1.64168
-0.238263
-1.73331
0.60805
1.08156
0.562285
-2.00099
-1.86549
1.13364
-1.28382
-1.12158
2.68845
0.661977
0.261695
0.048092
-0.153813
-2.12655
0.615488
-3.30378
-0.456674
1.19402
0.179993
-0.55509
-2.81951
-1.73117
0.208716
-1.20018
-0.492073
1.9896
1.63459
-0.463062
0.59993
-0.479338
-1.78721
0.977124
-2.15543
0.670369
0.461854
-1.61696
0.89992
-1.5047
-0.992824
-0.0488525
1.24788
-1.46212
-0.644203
-1.81715
-0.00620213
0.75743
0.501181
2.62378
1.30659
-1.32378
1.93532
1.80384
0.651235
1.62064
0.620317
5.43772
0.67627
-0.418951
-0.530904
-0.81869
1.2767
-2.00545
-0.0380835
1.0911
-0.472837
1.66115
1.61743
0.570721
0.0821539
-0.754271
-2.26069
-0.0096658
0.452878
-0.549485
-0.366257
1.39019
1.12081
-0.371725
-0.184119
0.829982
0.299694
-1.03152
0.460156
3.05266
-2.48625
1.15507
1.03411
0.71497
-0.737785
2.22989
1.35694
-0.230935
-0.165001
-1.95394
0.488785
0.240121
-2.15073
-0.338453
0.338453
1.02995
0.857449
-0.596372
-0.936196
2.69956
-1.36018
-0.579875
1.8045
2.04749
2.24517
0.750601
-1.71938
0.126652
-1.25137
4.22066
-3.67059
-1.17919
-3.68108
1.10538
-2.62413
-2.3683
-0.633401
-1.1706
0.122958
0.566108
-0.893661
-1.2711
-0.551657
-1.44397
-0.820475
-0.848135
0.348496
-0.631899
-0.273498
0.346558
1.02848
0.471852
-1.23275
-1.46854
-1.21793
-0.453758
0.235519
0.797315
-1.45582
0.874512
-0.573513
-0.0930521
-0.316173
0.455783
0.270913
-1.09467
-0.0263893
1.7859
0.513921
-0.401936
1.00449
-0.031685
1.51164
-0.832747
-0.504501
0.331502
0.939146
1.98476
-1.03208
1.66873
0.63836
-1.69332
-0.467644
0.411691
-0.812446
-0.041605
2.13008
1.51516
1.85049
-0.331489
1.20199
-0.327019
-0.64353
-1.66652
0.587006
-0.639764
0.117544
-0.564865
2.74878
-2.89427
-0.733735
-0.417882
-0.437257
1.10623
1.11621
0.218495
-1.63311
-1.02107
-2.21763
-0.479617
-0.072883
0.80924
1.46822
0.282232
-0.193683
2.45201
-1.07174
0.845029
-0.463751
-1.51179
1.45012
-2.23
-0.32875
-0.532499
0.921559
-0.965232
1.52834
-0.871237
0.589288
3.22052
0.259865
0.192929
1.87131
0.735642
3.62796
-3.28296
-1.59581
1.52622
-0.416533
0.799885
3.56705
-1.08226
3.59747
0.323883
-2.36239
-2.07921
0.430788
-3.69131
2.01434
-2.19882
-0.0712399
3.69954
-2.32478
-2.26952
-0.51706
0.315259
0.0340103
1.09203
-4.03444
-1.3591
-1.68932
-2.28501
-1.37063
-0.550056
0.894831
0.728811
-1.68287
-1.71323
-0.254042
-0.216931
0.983169
0.896691
-0.00437235
-0.488497
0.512548
-0.098351
-2.29344
-0.181308
-1.41144
-0.134389
-0.039862
2.53641
1.9597
-1.43119
2.18218
-0.92416
0.353253
1.34094
-1.29697
-0.232819
-2.82702
1.249
0.697788
-1.78457
-2.09065
-2.28939
-0.546461
1.41716
0.47343
-0.61976
1.73672
1.15925
-0.129236
0.850508
-0.687346
-3.18905
1.57555
-1.01939
-3.52907
-0.901193
-1.27238
0.88778
-1.52764
-0.500857
0.560973
1.24926
0.176936
-2.50664
-0.762757
1.36714
1.3489
-0.812688
1.03405
0.448149
1.56452
0.24242
-0.910531
1.09123
2.17365
-0.211306
0.523954
-1.38912
0.92667
-1.84684
1.70136
2.54454
0.0126032
-3.0596
-2.5327
-1.0355
3.21635
-0.101459
1.20177
1.9107
-1.08003
-1.72572
-1.33978
-0.250599
-0.78779
0.206817
2.42393
3.7487
1.64386
0.45738
-1.7725
2.16032
-1.2705
0.165178
-2.48507
-2.12593
-1.95912
0.951417
-1.14624
0.884756
1.48057
2.75999
-8.31053
-1.50463
-5.34735
0.127123
-1.22812
0.500262
-0.98553
-1.21444
2.1657
-0.776047
1.41105
0.159837
-1.32184
-0.0376651
-0.227482
-0.982774
-0.403127
1.93849
-0.802757
-0.645755
0.314351
-1.69322
0.294252
-0.829735
-0.0938935
-0.137204
0.35991
0.261616
-0.0541234
-0.872397
0.0986748
0.906464
1.47191
0.756669
1.09253
0.523528
-0.373453
-0.722988
0.880538
1.32266
0.425129
0.321425
1.07333
0.102914
1.3609
1.76911
-0.890382
-0.622199
-0.228059
0.210936
-1.63213
-1.2258
-0.120096
0.279214
0.007407
-0.84272
-0.582238
-0.946652
-0.328591
-0.194479
-0.554346
0.671348
1.85052
-0.168653
-0.866264
-2.14316
-0.51764
0.841639
0.588368
0.109471
1.67669
-0.575342
0.961362
-0.120906
0.712884
-0.322162
0.379339
-0.0295148
0.532605
-1.264
-0.845979
-0.445629
0.347638
-0.300632
1.78804
0.96376
-0.8514
0.363734
-1.03418
-0.122582
2.33081
-0.246743
2.48186
-0.099472
1.70269
3.30978
-2.60327
-1.74161
-0.0827313
-1.7274
1.52951
-1.07102
2.11484
-0.346574
1.37592
0.420235
0.994758
3.98792
0.356396
-1.42007
-0.839622
-0.463653
0.433217
2.47504
0.118608
1.28242
0.551956
1.45037
-7.64995
-0.69122
0.384746
-2.24967
-0.671904
3.87592
2.94579
-4.40555
1.24334
-2.6782
-0.714622
-2.86303
-1.32066
0.543338
-1.63592
2.29673
-1.55241
-1.30807
0.28331
-1.0832
1.21874
-0.719559
0.917706
-2.98524
-0.167415
1.09324
0.535759
-1.86895
-0.0780806
2.16794
0.862953
1.75043
1.36199
-0.588663
-1.48347
1.81028
1.59485
0.0726661
-0.299885
0.598753
1.97842
0.360742
-1.3093
0.281485
-0.147636
-0.594163
-0.761235
0.96792
0.379713
1.82359
1.13512
2.27078
1.53748
0.0477798
-3.08132
-1.66641
0.170557
-2.37917
-0.19944
-0.424662
1.82525
0.712658
-1.54875
0.845898
2.21577
1.23719
0.482458
-0.891838
1.72789
3.81274
-1.15198
-2.10155
-3.93592
3.65076 