1.17716
-1.21535
-0.651722
-0.346752
0.998474
-1.05253
0.792342
-0.214773
1.58456
-0.401378
1.77502
-2.94283
-0.964328
-2.75066
0.49281
-0.293805
0.460174
-2.06341
-1.10507
1.84576
0.687454
0.103511
-2.13955
0.421871
-1.33661
1.08533
-0.325178
0.746337
0.217977
0.98705
0.874548
1.16472
-0.486272
-0.267678
-0.307923
0.889592
-0.408385
0.0708052
1.10274
-0.898486
-0.424697
-0.12618
0.417372
-0.662303
-0.682651
0.0557391
1.56389
0.266106
-0.0860148
0.65497
-0.709745
0.484114
-0.523259
0.211196
1.08025
-0.651414
0.550885
0.0154662
-0.519682
0.139888
-0.404641
0
0.854047
-0.325239
-0.349635
-0.679447
0.897142
-0.311134
0.52061
1.7059
-0.274663
-0.198833
1.21739
-1.93958
-0.541208
0.108477
0.663788
0.567653
-1.4718
0.98873
0.276329
-1.12543
0.464043
-1.14855
-0.51647
-2.81664
-1.47958
3.35821
0.489811
4.46196
-0.908544
-0.220805
-0.57333
-0.376363
-0.842319
-4.00592
1.30007
-0.776408
0.0562317
-1.04138
2.53198
-0.898076
-0.737188
2.43905
0.430744
-2.11665
-0.922184
-0.330842
0.145385
3.00523
0.601257
0.0389204
0.99888
0.430548
0.482142
-0.635702
0.383436
-1.03866
0.624495
-1.48667
-0.838201
1.45258
-3.06239
-1.29542
-0.739693
-0.580944
1.30444
2.82699
0.760878
-0.0078162
0.553326
1.3969
0.183771
0
-2.0793
1.36531
-2.52802
-1.01661
1.74097
0.71136
0.0233646
0.17118
-0.155615
-0.319742
0.296381
1.82132
-0.298702
0.687978
0.425693
-1.29024
1.41911
-0.121289
-1.53631
-1.18546
-0.335715
-0.0782397
0.530795
0.729139
-0.379423
-1.09205
-0.811123
-1.24917
0.295795
-2.00773
1.57573
-1.07203
-0.219044
2.12141
-0.582112
2.01099
-1.28587
0.103166
0.221834
1.28171
1.25778
-0.588097
0.449116
0.185261
0.400219
1.22148
0.144067
0.446049
-0.681208
1.83616
0.401841
0.178085
0.436437
-0.993998
1.11203
-0.287939
1.7662
0.130666
0.636396
0.0936737
0.581667
0.135954
0.37113
0.801796
-0.31144
1.24698
-3.41841
0.750641
0.544996
-0.114493
0.12164
0.591782
0.538814
-0.375447
1.89813
-0.195176
0.36216
0.22916
1.80098
0.0885261
-0.313581
-0.218734
0.280163
-0.767186
-1.16887
-0.0695984
-0.979436
-0.204095
1.68353
0.476834
0.234125
-1.53172
1.82019
-1.31858
-0.704348
-1.00581
2.06395
0.53178
0.137673
-0.268623
-0.67126
0.664357
-0.470129
0.359715
-0.373579
1.06172
-0.757218
-0.117536
0.310825
-0.338507
0.847557
0.143983
-0.0411171
-0.377711
0.25426
0.554357
0.102319
0.0613414
0.489398
0.108433
-0.400419
1.08892
-0.49227
-0.196227
-0.244134
1.22817
-0.187969
0.789773
0.432393
3.29076
0.0706289
-0.192742
2.62129
1.12749
-0.248083
0.0186359
-1.1615
1.73722
0.958355
-0.159086
0.140744
0.286997
0.498758
0.743495
-0.846699
-0.340694
-0.146362
-0.385242
-0.233089
0.343305
0.512766
0.364648
-1.76877
-1.09895
0.367666
0.934844
-0.246788
-1.1869
0.118704
2.05173
-1.01442
-1.18102
1.45871
2.18208
-2.34243
0.252729
-0.642331
-1.47938
-3.85921
0.768278
1.10299
1.1417
0.202741
0.963695
0.319175
1.3283
-0.500695
0.931393
0.44107
-0.324486
0.733184
-0.0121783
-0.158418
0.0304777
0.207059
-0.200957
-0.0609793
-0.427872
0.427872
0.620216
0.748845
-0.16258
-0.325954
-0.393757
2.12001
-0.36315
0.487868
1.10961
0.240366
-0.117177
0.916175
0.417368
-1.3101
-1.27405
0.254924
0.124268
0.754097
-0.517834
1.6036
-1.35612
-0.625775
0.966532
-0.0351956
0.0879653
-0.25238
-1.12288
-0.160589
-0.142971
-0.340374
0.191232
0.850104
-1.41288
-0.282581
-0.628131
-0.18193
-0.645477
0.396302
0.303785
-1.01214
-0.00612533
0.580525
-1.09665
0.209228
1.08222
0.352093
0.724552
-0.325404
0.265221
-0.634072
1.53298
1.41577
0.31126
0.590495
1.72791
0.508616
1.2913
-0.694551
0.0056713
-0.853539
-0.538623
0.15501
-0.0516488
0.749065
-0.148221
5.51057
-0.845861
0.678337
0.151318
-0.802431
-0.420045
-0.867463
0.24783
0.0275006
-0.606734
-1.50504
0.437122
-4.1969
0.870934
-3.98637
2.6068
-4.84562
2.54516
0.877802
2.80801
-1.01677
0.140051
-4.56373
-3.915
0.909903
3.30374
1.47398
-0.710115
2.12723
2.03658
-0.0637441
-0.348407
-0.923336
-1.98637
-1.12621
1.32364
-1.23889
-2.37596
0.648573
0.619916
2.30452
1.68977
1.69061
0.0808968
0.914191
-0.977748
-2.57596
0.426087
3.00735
1.8171
-0.0900771
0.908279
-2.42923
-0.907636
0.833273
1.20028
2.7
0.38453
2.29272
-0.871861
0.603578
0.375402
1.9664
-2.0896
-4.20867
-0.847626
-0.0789527
2.44105
0.340769
-1.04245
0.888698
2.12595
0.84108
-1.51583
-1.7925
1.4072
1.82108
-0.4924
0.503079
-0.0373799
-2.71201
0.60724
2.17417
-0.016011
0.744483
-1.1349
-0.478045
-0.264168
-2.05069
-0.093717
-1.87057
-0.501395
2.86713
-0.699441
3.82765
0.768316
0.110789
0.620234
1.09439
0.57366
-1.28104
1.54351
-1.23082
-0.537397
-1.2794
-0.659229
-2.1076
-0.371123
2.35064
-3.13009
0.313605
1.47772
0.108194
-0.520407
1.18325
-1.24305
1.30749
-0.408784
-0.475414
-1.1547
-0.521791
-0.154311
0.555516
-0.975566
-0.772848
0.467757
0.592688
-0.304214
4.33625
0.771466
1.02119
-0.104257
-0.391942
-0.272645
1.06539
0.0519377
0.010378
-0.567486
1.09563
-0.424361
0.27449
-0.207098
0.0932491
-0.368309
0.103884
-0.207876
0.0156054
0.399722
0.207015
-0.015511
0.247894
1.91076
0.0758753
-0.116368
0.227553
-0.633379
0.405826
0.645912
0.926237
-1.70893
0.258213
1.02621
0.404564
0.189236
1.37361
0.460222
0.623297
0.00485182
-0.140866
-0.717129
0.215192
0.390075
-0.00487092
1.1083
-0.284377
0.0530798
0.471659
0.182284
0.392236
0.0143204
-1.66049
-0.281883
-0.258278
-1.28172
0.123484
1.34349
-1.23495
-0.0394565
2.30646
-3.59232
-0.310285
0.0451059
-0.492197
0.692394
1.76926
0.98253
0.596523
0.130471
0.443288
0.028841
-0.394892
-1.09163
-0.606747
-1.12037
-0.124159
-0.313561
0.283741
-0.863686
-0.200767
0.346066
-0.925512
-1.02091
0.95519
-0.476451
-0.356295
-0.0152974
-0.917035
1.10555
-0.98725
-0.84145
-2.00017
-0.286007
0.349449
2.5002
0.231701
0.35936
-1.35692
1.05411
-0.748099
1.03041
2.0295
-0.407667
0.32224
-0.0754288
-2.74898
0.160168
-0.434601
-0.472964
0.545528
-0.832474
2.16041
0.127743
0.0510471
-0.327182
-2.00679
-0.913204
-1.81422
-0.543726
-1.17285
1.58226
-0.65804
-0.618827
2.47391
3.69707
-1.49052
-0.845337
-0.257106
0.388027
1.49082
1.25021
0.147553
-0.356541
-0.409042
-0.374713
2.07148
0.120817
0.586923
-0.451171
-0.306958
0.437503
-0.140597
-0.362448
0.0554594
1.22234
0.189029
-0.35846
-0.926979
-0.707249
-0.78891
1.05219
-1.0573
-0.419914
0.10771
-0.880431
0.762464
-0.15923
0.256687
2.06026
0.2007
0.724187
1.14791
0.245676
1.26303
0.217827
0.164265
-0.0386205
-0.30956
-0.12118
-0.0970482
-0.335548
-0.151119
-0.47924
0.931921
0.745113
1.44528
-0.299781
0.318782
-0.0570188
0.095015
-0.366304
-0.876003
-1.0488
-0.0291618
0.986568
0.542314
0.98589
-5.03957
-2.8668
-0.82407
0.536412
-1.63364
-0.277508
0.460351
0.86783
0.649819
1.33784
-1.90492
0.366389
0.477896
-2.02477
-0.556051
-0.242275
-0.205864
-0.492621
-1.50339
0.183117
0.584779
1.80768
-0.605987
0.574455
1.66767
-0.31576
-0.859139
0.391431
-0.234673
-0.765199
-0.310901
-0.0633486
-0.375656
0.555045
1.1791
0.34844
0.816923
-0.645747
-0.498776
-0.119875
0.965289
1.06343
-0.312204
-0.159035
-0.695542
-0.528747
-0.23416
0.39516
-1.50576
0.901994
